128
0 7
7 5
12 6
18 6
24 5
29 7
36 7
43 6
49 4
53 6
59 8
67 9
76 7
83 6
89 6
95 6
101 7
108 5
113 2
115 5
120 7
127 7
134 9
143 3
146 4
150 5
155 6
161 6
167 7
174 5
179 3
182 3
185 9
194 9
203 6
209 4
213 8
221 7
228 7
235 4
239 4
243 4
247 8
255 5
260 4
264 5
269 9
278 5
283 7
290 5
295 6
301 10
311 11
322 3
325 5
330 5
335 4
339 8
347 4
351 9
360 4
364 5
369 6
375 4
379 8
387 5
392 6
398 10
408 5
413 5
418 12
430 5
435 8
443 7
450 4
454 3
457 5
462 7
469 6
475 5
480 5
485 6
491 8
499 6
505 4
509 5
514 5
519 6
525 5
530 3
533 3
536 4
540 4
544 4
548 4
552 4
556 8
564 6
570 3
573 8
581 5
586 6
592 6
598 7
605 7
612 9
621 5
626 6
632 11
643 4
647 7
654 5
659 5
664 5
669 6
675 6
681 5
686 4
690 8
698 5
703 3
706 5
711 3
714 4
718 4
722 8
730 5
735 5

16

740
70 6
3 10
78 1
83 8
86 3
97 9
104 6
117 8
48 6
6 2
28 7
60 9
101 1
21 10
29 9
86 8
92 7
118 2
0 10
78 8
20 3
16 1
101 1
105 4
115 5
73 7
57 9
84 6
126 1
48 10
27 10
83 8
6 6
42 7
54 2
89 6
5 6
125 9
1 2
52 8
9 4
26 3
100 8
113 7
42 4
17 10
86 3
33 7
81 9
35 7
61 2
31 7
116 1
6 4
57 1
80 10
61 9
87 8
95 7
103 2
57 2
37 4
43 3
64 9
97 4
110 10
125 6
71 1
14 6
55 6
15 7
35 7
61 4
73 9
78 5
114 4
17 2
72 5
51 10
83 4
43 7
49 8
65 8
125 7
105 6
105 3
104 5
50 4
98 3
11 6
73 2
59 10
78 6
97 8
115 7
11 7
27 1
125 7
51 4
59 9
82 3
87 9
3 1
27 5
85 4
17 4
58 1
74 4
7 10
12 2
42 7
16 4
50 4
89 8
28 9
59 3
37 6
70 8
53 10
95 9
3 3
123 2
75 8
93 2
80 10
42 7
59 9
2 10
119 7
34 4
32 3
65 5
96 4
108 1
62 4
126 9
78 2
121 6
57 6
62 10
91 8
96 10
102 6
123 3
97 4
126 8
88 8
25 10
33 5
86 3
24 10
87 2
36 4
41 6
55 6
102 5
115 7
32 8
6 3
34 3
51 3
5 10
15 1
16 5
116 10
57 2
56 5
18 9
32 1
1 7
30 2
32 6
49 6
107 8
2 9
82 8
78 9
50 4
121 5
28 2
52 8
99 3
34 7
8 7
46 1
21 3
26 8
28 1
73 7
74 10
28 6
37 6
72 9
92 9
24 5
33 10
33 10
104 7
7 7
46 1
67 9
81 10
123 2
21 4
31 7
102 3
26 3
88 1
93 9
8 7
11 7
58 9
105 10
25 4
109 4
66 10
115 5
71 7
60 2
119 8
121 4
19 6
122 3
32 6
10 4
56 1
63 3
107 9
86 6
125 8
65 3
40 2
54 4
66 10
108 9
60 5
82 8
73 5
116 7
38 2
77 4
105 3
82 4
100 5
124 1
47 2
25 6
7 4
17 7
5 7
20 7
104 10
84 5
76 1
77 9
12 7
104 1
44 8
10 3
114 10
43 8
70 3
52 6
95 8
49 6
114 2
67 10
55 6
90 2
31 1
77 1
33 1
52 1
117 10
79 7
96 9
100 2
103 3
41 2
47 6
47 6
108 2
48 1
1 6
5 10
47 1
101 2
106 2
103 8
106 10
45 6
12 8
28 6
72 10
81 8
29 4
13 4
17 4
118 4
65 8
67 3
12 10
52 7
26 3
111 3
15 4
61 8
62 7
85 7
101 3
119 9
6 8
30 8
44 6
46 1
51 7
105 10
76 7
53 10
74 8
110 1
124 9
52 10
64 2
19 10
107 4
5 2
38 4
119 8
120 9
11 6
45 6
84 3
25 6
118 2
27 5
92 7
37 1
94 6
4 9
9 1
10 2
27 2
22 6
68 7
99 8
97 5
35 9
108 10
16 1
122 3
14 10
19 3
110 2
15 9
20 9
64 1
91 10
108 3
119 8
39 5
36 2
1 9
96 5
8 2
51 8
11 4
96 2
9 9
22 4
51 7
22 10
108 8
103 4
107 8
37 3
69 3
85 9
101 6
53 2
10 9
59 1
99 10
75 4
76 5
83 7
85 8
21 5
38 3
96 6
50 8
12 8
36 10
110 7
38 10
107 3
92 2
101 8
45 10
33 9
50 3
81 3
127 2
72 2
81 7
117 3
126 10
127 2
57 7
109 9
110 2
77 1
120 7
63 3
106 4
70 5
72 8
99 7
0 6
19 8
44 3
69 5
97 3
118 8
82 6
71 10
80 6
82 5
88 5
109 3
11 1
36 7
70 10
121 8
94 2
12 5
69 8
79 10
32 9
67 2
49 10
102 6
118 3
4 7
14 2
32 7
11 9
116 9
90 4
39 5
32 10
52 8
16 4
108 10
20 8
88 8
64 4
52 7
116 9
64 5
42 1
125 6
40 4
46 1
68 1
42 9
99 2
103 7
111 5
0 1
3 8
22 2
29 9
11 5
14 6
72 10
118 5
46 7
111 3
113 7
9 10
20 10
87 8
70 6
113 7
67 3
7 9
67 7
33 10
49 8
112 5
29 8
39 8
70 6
70 5
40 4
108 6
15 3
105 4
5 8
12 4
0 8
127 4
64 7
117 3
42 5
55 3
4 6
114 5
16 4
64 8
51 7
63 9
88 8
7 3
38 6
2 8
0 3
24 3
16 9
25 2
80 8
9 8
103 1
112 8
24 8
75 8
70 5
85 8
34 1
18 8
5 6
114 10
73 4
45 2
112 4
59 10
22 8
118 6
124 1
56 7
2 7
66 2
32 9
20 2
34 9
93 6
93 6
56 6
71 2
108 3
98 5
19 9
9 7
44 8
110 8
60 5
61 2
65 6
21 4
46 9
111 8
22 10
112 9
23 4
70 3
14 8
57 5
10 4
0 9
94 5
108 5
13 3
30 3
57 8
64 10
77 2
69 7
111 4
107 4
122 4
41 5
6 8
46 2
104 1
105 9
2 1
48 2
51 3
66 8
3 1
63 6
26 5
34 3
72 6
22 6
127 9
114 8
10 2
48 8
87 1
77 7
62 4
46 3
112 2
13 5
33 7
42 10
43 1
118 4
100 1
0 6
13 6
13 3
35 10
40 3
52 10
3 4
82 4
100 9
115 9
48 2
69 4
48 10
108 2
113 7
54 4
66 3
99 4
62 8
37 9
28 8
47 2
58 10
62 8
74 10
82 6
94 3
98 5
106 2
21 1
59 3
38 9
36 4
68 9
70 3
124 6
59 2
66 7
68 2
95 8
52 1
126 10
10 10
51 3
96 8
99 4
79 3
77 5
90 4
87 8
81 5
103 2
96 9
7 7
79 7
125 8
106 7
80 7
45 2
84 5
89 10
11 4
43 10
102 8
4 5
26 7
36 5
105 9
14 7
127 8
27 10
73 9
76 9
8 1
39 7
1 8
46 10
67 3
83 3
50 4
70 8
79 5
104 4
55 2
72 3
91 6
2 2
21 7
51 9
54 8
59 8
36 8
54 9
68 7
125 3
22 6
71 8
29 5
36 4
123 3
37 3
58 3
99 4
20 2
23 3
33 2
121 3
41 1
109 6
91 1
52 9
6 9
13 7
15 7
38 8
113 8
120 3
10 6
76 6
22 9
23 8
110 10
67 10
4 1
67 2
83 4
102 9
67 2
115 8
